491328
492108
491329
492034
492035
492036
502524
491948
492025
492031
492030
491332
496087
491381
491382
491383
493073
491947
499887
496043
496071
492082
491384
491385
491386
492120
492121
492487
493074
493075
496072
491387
491388
491389
491390
491391
491392
491393
491394
491395
491396
491397
491398
491399
491400
491401
491402
491403
491404
491405
491406
493107
493108
493109
493110
493111
493112
493113
501260
501261
501262
501263
501264
501265
501266
501267
501268
491407
491408
492109
496061
496094
496073
491410
491411
491412
491413
492010
492011
492012
492013
496344
501598
491415
491418
493129
493130
492503
498528
491419
491420
491421
491422
491423
491424
492015
499579
491425
498529
501177
491426
491427
492032
491965
491428
491966
492006
492007
492008
492009
496345
501599
492103
492016
491429
491430
491432
491433
491434
491435
491436
491437
491438
491439
491441
491443
491444
491446
491447
491450
491451
491452
491453
491455
491456
501977
501979
501980
501981
501982
492094
492095
492005
502262
493120
492023
502783
502153
498527
492045
491467
498292
492014
492488
491468
491470
491471
491472
491473
491474
491475
491477
491478
491479
491480
491481
491488
491492
491493
491495
491497
491498
491500
491501
491503
491506
491508
491509
491510
491511
491513
491514
491515
491516
491517
491518
491519
491521
491522
491523
491524
491525
491527
491528
491529
491533
491534
491538
491541
491542
491544
491545
491546
491547
491548
491551
491554
491555
491556
491557
491558
491559
491561
491563
491564
491565
491566
491942
491949
491950
491951
491952
491953
491570
491571
491572
491573
491574
491575
491576
492039
491577
492040
491578
492480
491924
491925
491926
491927
491928
491929
491930
491931
491932
491933
491934
491935
491936
491937
491938
491939
491940
491941
497680
498319
492481
491579
491580
491581
491582
491967
491968
491969
491970
491971
491972
491973
491974
492017
492496
497925
492085
492019
493106
501191
501192
501193
501194
501195
501196
501197
501198
501199
501200
501201
501202
501203
501204
501205
501206
501207
501208
501209
501210
501211
501212
501213
501214
501215
501216
501217
501218
501219
501220
501221
501222
501223
501224
501226
501227
501228
501229
501230
501231
501232
501233
501234
501235
501236
501237
501238
501239
501240
501241
501242
501243
501244
501245
501246
501247
501248
501249
501250
501251
501252
501253
501254
501255
501256
501257
501258
501259
491616
491617
491618
491619
491620
491621
491622
491623
491624
491625
491626
491627
491628
491629
491630
491631
491632
491633
491634
491635
491636
491637
491638
491639
491640
491641
491642
497712
497713
497714
497715
497716
497717
497718
492048
492049
492050
492051
492052
492053
492054
492055
492056
492057
492058
492059
492060
492061
492062
492063
492064
492065
492066
492067
492068
492069
492070
492071
492072
492073
492074
492075
497688
497689
497690
497691
497692
497693
491983
491643
492482
493133
497926
492119
502265
491985
492078
492118
493046
493135
492483
492084
491645
491646
491647
491648
491649
491650
491651
491652
491653
491654
491655
491656
491657
491658
491659
491660
491661
491662
491663
491664
491665
491666
491667
491668
491669
491670
491671
497719
497720
497721
497722
497723
497724
497725
491672
491673
491674
491675
491676
491677
491678
491679
491680
491681
491682
491683
491684
491685
491686
491687
491688
491689
491690
491691
491692
491693
491694
491695
491696
491697
491698
491699
491700
497728
497729
497730
497733
497731
491701
491986
491702
491703
491704
491705
491706
491707
491708
492020
491710
492491
493097
492116
491711
492000
493095
493096
491713
491714
497798
491715
491716
492026
491846
491847
497799
491848
491849
492492
492092
492093
492090
491991
491717
491718
491719
491720
491998
492087
492493
492111
502629
492096
491723
491724
491725
491726
491727
491728
491729
491730
491731
491732
491733
491734
491735
491736
491737
491738
491739
491740
491741
491742
491743
491744
491745
491746
491747
491748
491749
491992
491999
493128
492494
492112
501304
492110
493127
499624
491750
491751
491752
491753
491754
491755
491756
491757
491758
491759
491760
491761
491762
491763
491764
491765
491766
491767
491768
491769
491770
491771
491772
491773
491774
491775
491776
491777
491778
491779
491780
491781
501341
491782
491783
491784
492033
491785
491786
491787
491788
491789
491790
491955
491956
491957
491958
491792
491793
491794
491795
491796
491797
491994
491995
491996
491798
491799
498225
491801
491802
491803
491804
491805
491806
492027
492003
492004
491807
491808
491809
491810
491962
491963
493067
493068
491987
491988
491811
491812
496412
492101
492102
493114
492043
492044
492041
493118
492002
497857
496418
491813
491823
492117
501270
501301
491824
491825
497642
491826
493116
492076
497727
491827
496419
493069
491828
491829
491830
491831
491832
492046
491851
491852
491853
491854
491855
491856
491857
491858
491859
491860
491861
491862
491863
491864
491865
501297
492114
491866
491867
491868
491869
491870
491871
491964
491872
491873
491993
493104
491923
492081
491874
491989
491875
491990
491876
491877
491878
491879
491880
491881
491882
491883
491884
491885
491886
491887
491888
491889
491890
492107
498470
492489
493140
491897
493072
493139
491898
491899
491900
491901
491902
491903
491905
491906
491907
491908
491909
491916
491917
491918
492504
491919
491920
491921
492115
492024
491997
499704
492123
492403
492445
502797
492124
492125
492442
492126
492127
492128
492441
493098
492443
492129
492130
492131
492132
492133
492134
492135
492136
492137
492138
492139
492140
492141
492142
492143
492144
492145
493119
492147
492148
492149
492150
492151
492152
492153
492154
492155
492156
492157
492158
492159
492160
492161
492162
492444
492506
493131
501621
492466
493099
492165
492166
492167
492168
492169
492170
492171
492172
492173
492174
492175
492176
492177
492178
492179
492180
492181
492182
492183
492184
492185
492186
492187
492188
492189
492190
492191
492192
492193
492194
492195
492196
492197
492198
492199
492200
492201
492202
492414
492415
492416
492417
492418
492419
492420
492421
492422
492423
492424
492425
492427
492428
492429
492430
492431
493136
492447
492448
492449
492450
492451
492203
492204
492205
492206
492207
492208
492209
492210
492211
492212
492213
492214
492215
492216
492217
492218
492219
492220
492221
492222
492223
492224
492225
492226
492227
492228
492229
492230
492231
492232
492233
492234
492235
492236
492237
492238
492404
492405
492406
492407
492239
492240
492241
492509
492412
492242
492243
492244
492245
492246
492247
492399
492400
492401
492402
492408
492409
492410
492411
493089
497800
492457
492397
492398
493117
492262
492263
492433
499607
492434
492264
492265
492266
492267
492268
502004
501518
501523
501524
501525
501526
501527
501528
501529
501530
501531
501532
501533
501534
501535
501536
501537
501538
501539
501540
501541
501542
501543
501544
501545
501546
501547
501548
501549
501550
501551
501552
501553
501554
492379
492382
501556
501557
501558
501559
501560
501561
501562
501563
501564
501565
501566
501567
501568
501569
501570
501571
501572
501573
501574
501575
501576
501577
501578
501579
501580
501581
501582
501583
501584
501585
501586
501587
501588
492373
492454
492455
492479
493138
492413
492459
492507
497742
492375
497801
492458
499214
499608
492464
492462
492465
492476
492463
492376
492377
492456
492378
492452
492250
499581
499582
492435
492436
492437
492251
492252
492253
492255
492256
492477
492478
492467
492468
492469
492470
492471
492472
493078
492257
493125
498281
492258
498285
492259
493126
498282
492260
498286
492475
492446
492432
492261
498288
492474
492955
492990
498370
493026
498290
493028
493025
502041
493037
493005
493006
493007
493008
493009
492549
492550
492551
492552
492553
492554
492555
492556
492557
492558
492559
492560
492561
492562
492563
492564
492565
492566
492567
492568
492569
492570
492571
492572
492573
492574
492575
492576
492577
492578
492579
492580
492581
492582
492583
492584
492585
492586
492587
492588
492589
492590
492591
492592
492593
492594
492595
492596
492597
499583
499584
499585
499586
492598
492599
492600
492601
492602
492603
492604
492605
492606
492607
492608
492609
492610
492611
492612
492613
492614
492615
492616
492617
492618
492619
492620
492621
492622
492623
492624
492625
492626
492627
492628
492629
492630
492631
492632
492633
492634
492635
492636
492637
492638
492639
492640
492641
492642
492643
492644
492645
492646
492647
492648
499587
499588
492649
492650
492651
492652
492653
492654
492655
492656
492657
492658
492659
492660
492661
492662
492663
492664
492665
492666
492667
492668
492669
492670
492671
492672
492673
492674
492675
492676
492677
492678
492679
492680
492681
492682
492683
492684
492685
492686
492687
492688
492689
492690
492691
492692
492693
492694
492695
492696
492697
499589
499590
499591
499606
501335
501330
501331
501332
501333
501334
492698
492699
492700
492701
492702
492703
492704
492705
492706
492707
492708
492709
492710
492711
492712
492713
492714
492715
492716
492717
492718
492719
492720
492721
492722
492723
492724
492725
492726
492727
492728
492729
492730
492731
492732
492733
492734
492735
492736
492737
492738
492739
492740
492741
492742
492743
492744
492745
492746
492747
499592
499593
499594
492748
492749
492970
493010
498471
493032
493036
502042
492750
492984
492751
498397
492999
492752
493029
493141
492753
492754
492755
492756
492757
492758
492759
492760
492761
492762
492763
492764
492765
492766
492767
492768
492769
492770
492771
492772
492773
492774
492775
492776
492777
492778
492779
492780
492781
492782
492783
492784
492785
492786
492787
492788
492789
492790
492791
492792
492793
492794
492795
492796
492797
492798
492799
492800
492801
499595
499596
499597
499598
492802
492803
492804
492805
492806
492807
492808
492809
492810
492811
492812
492813
492814
492815
492816
492817
492818
492819
492820
492821
492822
492823
492824
492825
492826
492827
492828
492829
492830
492831
492832
492833
492834
492835
492836
492837
492838
492839
492840
492841
492842
492843
492844
492845
492846
492847
492848
492849
492850
492851
499599
499600
499601
493094
501340
492852
492853
492854
492855
492856
492857
492858
492859
492860
492861
492862
492863
492864
492865
492866
492867
492868
492869
492870
492871
492872
492873
492874
492875
492876
492877
492878
492879
492880
492881
492882
492883
492884
492885
492886
492887
492888
492889
492890
492891
492892
492893
492894
492895
492896
492897
492898
492899
492900
499602
499603
499604
499605
493082
492901
492902
498368
492903
493004
498369
493083
497907
493003
493023
492904
493134
493012
493013
493014
493015
493033
493034
492905
492906
492907
492908
492909
492910
492911
492912
492915
492916
492917
492918
492920
492921
492922
492923
492924
492925
492973
492974
492975
492967
492968
493024
496426
493055
492951
492952
492926
492966
492976
492927
493047
493048
493049
493050
493101
492977
493018
492995
498539
492997
492928
492953
502120
493035
492929
492930
492931
492932
492933
492935
492936
492937
492972
493056
493057
493058
493059
493060
493061
493062
493063
498752
493064
493088
493031
498545
492991
501184
501305
493011
493065
493039
501185
493100
493137
492938
493000
492961
493121
493122
499149
493002
493066
501329
493019
493085
493086
501285
501287
502156
493087
501328
492982
492979
492988
492978
492980
492981
496296
492983
493022
492939
488385
488386
488387
488388
494899
498238
495050
496414
498239
495048
497664
494903
496044
499996
496415
489038
489039
489040
489041
489042
489044
489045
489047
489048
489049
496505
489173
488391
488392
488393
488394
488395
488397
488398
488400
488401
488402
496543
489150
498360
494907
496045
499991
496317
488403
488404
488405
488406
488407
488408
488409
488410
488411
488412
496550
488417
488418
488419
488420
488421
488422
488423
488424
488425
488426
496474
488948
488429
489133
489425
489426
489056
489395
489396
488430
488431
488432
488433
488434
488435
488436
489377
488437
488438
488439
488440
488441
488442
488443
488444
488445
488446
488449
498540
501342
501424
489089
489090
499612
489051
488450
488451
488452
488453
488454
488455
488456
488457
488458
488961
500027
488459
488960
488460
488461
488463
488467
488470
488471
488472
488473
488477
488479
488480
488481
488482
488483
488484
488485
488486
488487
488488
488490
488491
488492
488493
488494
488496
488497
488498
488499
488501
488502
489432
488504
488505
488506
488508
488510
488511
488512
488513
488515
488516
488518
488520
488521
488524
488525
488526
488527
488529
488530
488532
488534
488535
488539
488541
488542
488543
488544
488546
488548
488549
488550
488551
488552
488553
488555
488556
488557
488558
488560
488561
488564
488565
488566
488567
488568
488569
502006
488570
489174
498541
489052
489433
499611
489007
489143
488573
489073
489055
488574
488575
488576
488577
488578
489083
489084
489085
498481
498482
498483
498484
498485
498486
498487
488579
488580
488581
488582
488583
488584
501336
489138
489139
498304
501312
488586
488587
488588
488589
488590
488591
488592
488593
489158
489159
498549
488595
488596
502321
488946
488947
489136
488597
488598
489160
489161
489415
489416
498635
498234
498489
488601
488933
488934
488935
488936
488937
488938
488939
488940
488711
488712
488713
488714
488715
488716
488717
488633
488634
488635
488636
488637
488638
488842
488843
489068
488941
488942
488943
488944
488945
488718
488719
488720
488844
488845
488846
488819
489446
489445
488602
488903
488847
488820
488904
488639
488821
498557
488905
489093
488603
488907
488908
489383
498490
498491
498488
488721
498619
489050
488604
488722
488723
488724
488725
488726
488728
489074
489075
489077
489078
489079
489080
498555
499328
489054
488848
488909
488910
488911
488912
488914
488729
488730
488731
488732
488733
488734
488735
489003
489289
489142
489096
489145
489069
501271
489283
494820
501289
488822
488823
488824
488826
488827
488828
488829
488830
488831
488736
488737
488738
488740
488741
488742
488743
488744
488745
494826
494827
494828
494829
488605
488606
488607
488609
488610
488611
488612
488613
488614
488849
488850
488851
488853
488854
488855
488856
488857
488858
488860
488859
488832
488833
488834
488836
488837
488838
488839
488840
488841
488861
488862
488863
488865
488866
488867
488868
488869
488870
488871
488872
494833
494834
488640
488641
488642
488644
488645
488646
488647
488648
488649
488875
488876
488877
488879
488880
488881
488882
488883
488884
494835
494836
494837
494838
489146
501272
489284
494821
501290
489434
489435
489436
489438
489439
489440
489441
489442
494839
489285
489147
489288
502078
489148
502471
489176
489286
502492
488650
488651
488652
488654
488655
488656
488657
488658
488659
488661
488663
488666
488667
488668
488669
488671
488885
488886
488887
488888
488889
488890
488891
488892
488893
488894
488895
497904
488746
488747
488748
488749
488750
488751
488752
488753
488754
488755
488756
488757
488758
488759
488760
488761
488762
488763
488764
488765
488766
488767
488768
489397
489398
497911
497912
497913
497671
497672
497673
488616
497916
497917
497905
498216
501601
488897
488898
488899
488900
488673
488674
488962
488963
488964
488965
488966
497920
497919
497918
499158
488599
489097
488600
488675
489037
489004
489091
489092
497627
496307
496433
489297
498537
496425
496432
496473
489156
496437
495613
496234
496438
488676
488677
488915
488916
488917
488918
488919
488920
488921
488922
488617
488618
488619
488620
499878
489155
500017
499769
499767
500016
489407
499764
499834
501307
499770
501620
499993
488679
488680
488681
488682
488683
488684
501275
488621
488624
488625
488626
488627
488628
488629
488924
488926
488927
488928
488929
488930
488931
488631
488771
488772
488773
488774
488775
488776
488777
488778
489005
489006
502787
499768
499758
488782
488783
488784
488785
488786
488787
488789
488950
488951
488952
488901
488685
488790
488953
489132
488791
488792
488793
502050
488958
489082
489087
489164
488959
497590
488969
489002
489141
496470
489088
489070
489071
493606
493607
489290
488902
488632
488968
489059
489060
489061
489062
489063
489064
489065
489066
489067
488794
488795
488796
488797
488798
488799
488801
488802
488803
488804
488805
488806
488807
488808
488809
488810
488811
488812
488813
488814
488815
488816
488817
488818
489008
489009
489010
489011
489012
489013
489015
489016
489017
489018
489019
489020
489021
489022
489023
489024
489025
489026
489027
489028
489029
489030
489031
489032
488970
488971
488972
488973
488974
488975
488977
488978
488979
488980
488981
488982
488983
488984
488985
488986
488987
488988
488989
488990
488991
488992
488993
488994
488686
488687
488688
488689
488690
488691
488693
488694
488695
488696
488697
488698
488699
488700
488701
488702
488703
488704
488705
488706
488707
488708
488709
488710
489140
489137
489423
488932
489036
489086
489053
488967
488312
488313
488314
488315
488316
488317
496523
496546
496547
496548
496525
496526
488330
488331
496527
497649
489321
496528
496529
497659
497746
496530
497665
498637
497776
497749
497777
497778
496531
497832
489149
496532
497833
497834
489338
498636
497835
489134
488954
488328
488332
488333
497836
497837
489420
496534
496535
496536
488347
496537
499145
489081
488329
489154
496538
496539
496540
489001
488348
489410
489411
489412
488349
488345
488346
489098
488358
488359
488360
488361
488365
488367
488368
488369
488370
488371
488372
488373
488374
488377
488379
488381
488384
488350
488353
488354
488355
488356
488357
489058
489110
489099
489100
489101
489102
489103
489104
489105
489106
489107
489108
489109
489122
489123
489124
489125
489126
489127
489128
489129
489130
489112
489113
489114
489115
489116
489117
489118
489119
489120
489121
489131
489180
489181
489182
489183
489184
489185
489200
489201
489202
489203
489204
489205
489206
489207
489208
489209
489210
489214
489186
489187
489188
489189
489190
489191
489192
489193
489194
489195
489216
489278
489212
498213
489196
489221
489197
489211
498212
489269
489428
489429
489198
489213
489199
489217
497768
489293
489220
489219
497770
497767
489234
498233
498227
489231
489232
489233
489282
489281
489218
489222
489223
489224
489225
489226
489227
489228
489229
489230
496482
496483
496484
496495
498299
496504
489267
496509
496516
501463
496520
496522
496533
489268
496544
496549
497861
500073
502190
489257
496750
489244
489245
489246
497591
489259
489260
489261
489274
489262
489263
489264
489265
501179
489271
489272
489273
501180
497597
489266
497607
497864
489247
489248
489249
489250
489251
489252
489253
489254
489255
489256
489236
489237
489238
489239
489240
489241
489242
497698
489270
497612
489258
489235
489243
489275
489319
502424
497618
497621
497626
497628
490328
490329
490330
490331
496413
496298
490308
490309
490710
497914
496417
502118
489529
496299
489558
502147
489451
496416
490310
489531
489488
489673
489457
489742
490311
489674
489743
489452
489532
490312
489489
489560
489533
490623
490624
490625
496182
496183
496184
496185
496259
496264
496265
499742
500014
490350
489675
489676
489677
489678
489620
489621
489622
489623
489624
489625
489626
489627
489628
489629
496244
496266
496250
496277
496249
496248
496247
498618
496205
496290
496324
490325
489561
489562
489563
489564
489565
489566
489567
489568
489569
489570
489571
489572
489634
489635
489636
489637
489638
489639
489640
489641
489642
489643
489644
489645
489646
501419
490664
496326
496246
489458
489459
489460
489461
489462
489463
489464
489465
489466
489467
489468
489469
489490
489491
489492
489493
489494
489495
489496
489497
489498
489499
489500
489501
490324
489534
489536
489538
489540
489542
489543
489679
489680
489681
489682
489683
489684
489470
489472
489473
489474
489476
489477
489479
489647
489648
490315
490316
490317
490318
498329
498331
498330
498332
489573
498228
498328
489502
489503
490666
489714
489715
489724
489725
489728
490354
489482
490190
489574
489685
489686
489687
489688
489689
489690
489691
489692
489693
489694
489696
489697
489698
489699
489700
489701
489702
489550
489551
489552
489483
489453
490222
489703
497849
489454
490220
490219
490191
497803
497848
497802
489575
489577
489578
489579
489580
489581
489582
489584
489585
489586
489588
489589
489590
489591
489592
489593
489594
489595
489596
489597
489598
489599
489600
489601
489602
489603
489605
489606
489607
489608
489609
489610
489611
489612
489613
489614
489554
489735
489555
489456
489484
489617
489504
489505
489506
489507
489508
489509
489510
489511
489512
489513
489514
489515
489516
489517
489518
489519
489520
489521
489522
489523
489524
489525
489526
489527
489729
489730
489731
489732
489733
489734
489721
489722
490195
489649
489650
489651
489652
489653
489654
489655
489656
489657
489658
489659
489660
489661
489662
489663
489664
489665
489666
489667
489668
489669
489670
489671
489672
498253
498301
498302
489485
489737
501173
501174
489704
489738
489739
489740
489741
490665
498298
489556
489726
489727
490658
490194
490659
498300
490711
489705
489706
489707
489708
489709
489710
489716
489717
489718
489719
489720
490358
490734
489711
489618
490724
489712
502135
489486
490221
490217
489723
489713
489744
489528
489619
489487
489736
489557
489750
489751
489752
489753
489754
489755
489756
489757
489758
489759
497932
497933
497934
497935
497936
497937
497938
497939
499403
499404
490626
490627
497650
497651
497652
497653
497654
497655
497739
497740
499627
499628
497741
496235
496176
497743
497745
497747
497930
497931
497748
499405
490344
490578
490579
497928
498230
497750
498217
489915
489916
489917
489918
489919
489920
489921
489922
489923
489924
489925
489926
489927
489928
489929
489931
489932
489933
489934
489935
489936
489937
489764
489765
489766
489767
489768
489769
489770
489771
489772
489773
489774
489775
489776
489777
489778
489780
489781
489782
489783
489784
489785
489786
489789
489790
489791
489792
489793
489794
489795
489796
489797
489798
489799
489800
489801
489802
489803
489805
489806
489807
489808
489809
489810
489811
489814
489815
489816
489817
489818
489819
489820
489821
489822
489823
489824
489825
489826
489827
489828
489830
489831
489832
489833
489834
489835
489836
489940
489941
489942
489943
489944
489945
489946
489947
489948
489949
489950
489951
489952
489953
489954
489956
489957
489958
489959
489960
489961
489962
489965
489966
489967
489968
489969
489970
489971
489972
489973
489974
489975
489976
489977
489978
489979
489981
489982
489983
489984
489985
489986
489987
489864
489865
489866
489867
489868
489869
489870
489871
489872
489873
489874
489875
489876
489877
489878
489880
489881
489882
489883
489884
489885
489886
490346
495954
497751
497752
497927
497753
497929
496237
499409
489839
489840
489841
489842
489843
489844
489845
489846
489847
489848
489849
489850
489851
489852
489853
489855
489856
489857
489858
489859
489860
489861
489889
489890
489891
489892
489893
489894
489895
489896
489897
489898
489899
489900
489901
489902
489903
489905
489906
489907
489908
489909
489910
489911
490713
495609
489914
495688
489998
497647
496293
490326
490188
490186
490187
490707
490727
489745
490695
490218
490353
498542
489996
489997
489990
489991
489992
489993
489994
490591
498643
490712
498218
490348
498221
498222
498215
498223
498241
490696
489746
490313
490355
489747
489748
489749
499546
490676
490000
490001
490002
490003
490005
490006
490007
490009
490011
490012
490014
490015
490016
490017
498650
490019
490020
490021
490022
490024
490025
490026
490028
490030
490031
490033
490034
490035
490036
498651
490198
490199
490200
490201
490203
490204
490205
490207
490209
490210
490212
490213
490214
490215
498652
490038
490039
490040
490041
490043
490044
490045
490047
490049
490050
490052
490053
490054
490055
498653
490057
490058
490059
490060
490062
490063
490064
490066
490068
490069
490071
490072
490073
490074
498654
490076
490077
490078
490079
490081
490082
490083
490085
490087
490088
490090
490091
490092
490093
498655
490095
490096
490097
490098
490100
490101
490102
490104
490106
490107
490109
490110
490111
490112
498656
490124
490125
490126
490127
490129
490130
490131
490133
490135
490136
490138
490139
490140
490141
498657
490144
490145
490146
490147
490149
490150
490151
490153
490155
490156
490158
490159
490160
490161
498658
490163
490164
490165
490166
490168
490169
490170
490172
490174
490175
490177
490178
490179
490180
498659
490193
490314
490621
490114
498648
490115
490181
490189
490349
490116
490117
490118
490182
490183
490120
490142
490121
490122
490327
490356
490357
490681
498231
490223
490305
490224
490304
490225
490226
490227
490347
490230
490231
490232
490233
490236
490237
490238
490239
490240
490292
490293
490294
490295
490283
490284
490285
490286
490306
490351
490241
497576
490242
490243
490244
490245
490246
490247
490249
490250
490251
490252
490253
490255
490256
490257
490258
490259
490261
490262
490263
490288
490289
490290
490265
490266
490267
490268
496421
499521
499522
499523
490298
490299
490300
490301
490302
490274
490275
490276
490277
490278
490279
502092
490280
490281
490282
490584
490368
490365
490366
490367
490359
497699
490360
496320
490371
490544
490364
490568
490372
498418
497852
497853
497854
499265
490576
498421
498728
498674
490542
490690
490691
490361
490362
497855
497856
490373
498626
497858
490551
490550
497604
497859
498420
490377
490378
496506
497570
496453
490381
490382
490383
490384
490385
490386
490387
490388
490389
490390
490391
490392
490393
498623
498630
498628
497860
497908
490465
490466
497906
490479
490480
490483
490484
490485
490487
490528
490529
490530
490532
490667
499732
498622
490670
490671
490467
490468
490470
490471
490472
497863
490488
490489
490491
490492
490493
490494
490496
490497
490498
490499
490501
490502
490539
490540
497862
498632
497903
490473
490474
490475
498631
490503
490504
490505
490508
490509
490510
490511
490513
490514
490515
490516
490401
490403
490404
490405
490406
490407
490409
490412
490413
490414
490415
490416
490417
490418
490420
490421
490424
490425
490426
490428
490431
490432
490434
490436
490533
490518
490519
490520
490522
490523
490563
490577
498640
490552
490553
490573
501493
498634
490704
490437
499580
490525
490526
490527
498639
498638
498668
499282
499127
490438
490439
490440
490441
490537
490538
490442
490443
490444
490445
490446
490447
490535
490536
502070
490448
490449
490547
499182
499330
490450
490572
490456
490457
490451
490541
490452
490622
498416
490569
490458
490564
490565
490566
502315
490453
490554
490555
490556
490557
490558
490559
497779
490603
490454
490455
490562
497793
490943
491255
499759
490933
490934
490935
490936
490882
499692
497780
499760
491233
499761
491235
497782
499763
499697
490830
490831
490832
490833
490834
490835
490836
490837
490838
490839
490840
490841
490842
490843
490844
490864
490735
490736
490737
490738
490739
490740
490741
490742
490743
490744
490745
490746
490747
490748
490749
490750
490751
490752
490753
490754
490755
490756
490757
490758
490759
490760
490761
490762
490763
490764
490945
490946
490947
490765
497795
490766
491239
499762
500072
498645
497796
499698
490767
490768
490769
490770
490771
490772
490773
490774
490775
490776
490777
490778
490779
490780
490781
490782
490783
490784
490785
490786
490787
490788
490789
490790
490791
490792
490793
490794
490795
490796
490797
490798
490799
490800
490801
490802
490803
490804
490805
490806
490807
490808
490809
490810
490811
490812
490813
490814
490815
490816
490817
490818
490819
490820
490821
490822
490823
490824
490825
490826
490827
490828
490829
490865
490866
490845
490846
490847
490848
490849
490850
490851
490852
490853
490854
490855
490856
490857
490858
490859
490860
490861
490862
490863
490867
490868
490869
490870
490871
490872
490873
490874
490875
490876
490877
490878
490879
490880
490881
490883
490884
490885
490886
490887
490888
490889
490890
490891
490892
490893
490894
490895
490896
490897
490898
490899
490900
490901
490902
490903
490904
490905
490906
490907
490908
490909
490910
490911
490912
490939
490940
490941
490942
497636
497637
490948
490949
490950
497633
502292
502294
502295
502296
491234
501368
490951
490913
490914
491237
491238
491236
497641
491323
490915
490916
490917
490918
490919
490920
490921
490922
490923
490924
490925
490926
490927
490928
490929
490930
490931
502160
490952
491213
490953
490954
490955
491141
491182
491076
491082
491179
491190
491306
497756
497755
491185
491256
491231
491121
490956
490959
491067
491219
490965
497762
497760
497761
491169
490966
491218
491295
491220
491297
491311
491229
491312
491167
490967
490968
490969
490970
490971
490972
490973
490974
491205
491193
491194
491195
491196
490975
499990
497587
497588
497592
491079
491171
491172
491173
491174
490977
490978
490979
490980
490981
490984
490985
490986
490987
490988
490989
490990
490996
490997
496472
490998
491080
498346
491000
491002
491003
491004
491005
491006
491008
491010
491011
491012
491013
491014
491016
491018
491019
491020
491021
491022
491024
491026
491027
491028
491029
491030
491031
491225
497922
491285
491283
497921
499464
497924
499468
491277
497679
497923
491222
491279
501421
491032
491034
491035
491036
491037
491038
491039
500060
491212
491275
491191
502601
502772
491192
491223
491142
491143
491144
491253
491214
499552
491271
491070
491071
491072
491206
491123
491210
491289
499610
499609
491324
491216
498475
498477
498480
502213
491197
491198
491199
498543
498544
491040
491041
491042
491243
494267
491044
491045
491073
491244
491224
491152
491189
491177
491178
494375
491047
491048
491049
491050
491051
491053
491054
491055
491057
491059
491060
491061
491148
491062
491063
491064
491228
491317
491318
491150
491065
491066
491161
502227
491162
491163
491122
491164
491077
491188
491165
491166
502297
491299
491217
491242
491300
491083
491084
491086
491087
491088
491093
491116
491117
491118
491089
491090
491092
495059
491226
491245
491154
491155
491156
491181
491184
491247
497632
491215
491094
491095
498232
491096
491097
491098
491270
491099
491100
491101
491102
491103
491104
491105
491106
491107
491109
491111
491112
491113
491114
491115
491211
491159
491160
491158
491149
491209
497669
497668
497838
497839
497667
491120
491207
491208
491138
502785
502784
494075
494076
494077
496301
496302
496303
496304
494072
496305
